mean=0.002586247081831998
std=0.7073673750982271