MSE=1455.648681640625,RMSE=38.1529655456543,MAPE=4354820886495232.0,SMAPE=67.21940040588379,MAE=28.393049240112305,MASE=1.143097231146643,R2=0.6890218509241295
MSE=1455.648681640625,RMSE=38.1529655456543,MAPE=4354820886495232.0,SMAPE=67.21940040588379,MAE=28.393049240112305,MASE=1.143097231146643,R2=0.6890218509241295
MSE=1455.648681640625,RMSE=38.1529655456543,MAPE=4354820886495232.0,SMAPE=67.21940040588379,MAE=28.393049240112305,MASE=1.143097231146643,R2=0.6890218509241295
MSE=1455.648681640625,RMSE=38.1529655456543,MAPE=4354820886495232.0,SMAPE=67.21940040588379,MAE=28.393049240112305,MASE=1.143097231146643,R2=0.6890218509241295
