mean=82.99317795299939
std=74.95107110635216